50
150 500 100 0
150 500 100 0
150 500 100 0
150 500 100 0
150 500 100 0
150 500 100 0
150 500 100 0
150 500 100 0
150 500 100 0
150 500 100 0
150 500 100 0
150 500 100 0
150 500 100 0
150 500 100 0
150 500 100 0
150 500 100 0
150 500 100 0
150 500 100 0
150 500 100 50
150 500 100 50
150 500 100 50
150 500 100 50
150 500 100 50
150 500 100 50
150 500 100 50
150 500 100 50
150 500 100 50
150 500 100 50
150 500 100 50
150 500 100 50
150 500 100 50
150 500 100 50
150 500 100 50
150 500 100 50
150 500 100 50
150 500 100 50
150 500 100 50
150 500 100 50
150 500 100 50
150 500 100 50
150 500 100 50
150 500 100 50
150 500 100 50
150 500 100 50
150 500 100 50
150 500 100 50
150 500 100 50
150 500 100 50
150 500 100 50
150 500 100 50
